[MAX_JOINT]
J1 = 170
J2 = 110
J3 = 40
J4 = 180
J5 = 120
J6 = 360
J7 = 
[MIN_JOINT]
J1 = -170
J2 = -110
J3 = -220
J4 = -180
J5 = -120
J6 = -360
J7 = 
[RE_RADIO]
J1 = 171.0041628
J2 = 163.6518019
J3 = 125.9735596
J4 = 118.3872943
J5 = 79.97341591
J6 = 79.96189162
J7 = 
[CNT_PER_CYCLE]
cnt_per_cycle = 131072
[ENC_HOME]
J1 = 8363351
J2 = 2705152
J3 = -2123655
J4 = -26043
J5 = 468309
J6 = 4863699
J7 = 
[ROBOTLINK]
L1 = 433
L2 = 669.899
L3 = 115.803
L4 = 725.017
L5 = 143.49
L6 = 185.159
L7 = 10.816
[MOTOR_DIR]
J1 = -1
J2 = 1
J3 = 1
J4 = -1
J5 = 1
J6 = -1
[COUPLING_RATIO]
R45 = 0.000119
R46 = 0.001034
R56 = -0.03455